United_States_09d4:0.0026239262227426828
2006:0.001227781571444761
United_Kingdom_5ad7:0.0012034511300862633
Biography:9.833138240483575E-4
2005:9.170299867885178E-4
England:8.807135728982524E-4
Canada:8.563086256846589E-4
Geographic_coordinate_system:7.723581579935823E-4
France:7.247891854019036E-4
2004:7.200211442337416E-4
Australia:6.80654808547604E-4
Germany:6.542169216797063E-4
2003:5.875084192379362E-4
India:5.833962467492574E-4
Japan:5.829635016850568E-4
Internet_Movie_Database_7ea7:5.340184630899898E-4
Europe:5.08713018726819E-4
Record_label:4.921588592218583E-4
2001:4.871973402695734E-4
2002:4.829174739935539E-4
World_War_II_d045:4.777278197817444E-4
Population_density:4.705661637951038E-4
Music_genre:4.6785690932152303E-4
2000:4.6458708791261125E-4
Italy:4.454879803243031E-4
Wiktionary:4.354680801821366E-4
London:4.3496313469620516E-4
Wikimedia_Commons_7b57:4.34384520267685E-4
English_language:4.180903317819462E-4
1999:4.0597756414287474E-4
Spain:3.623896853529952E-4
1998:3.5639069311838885E-4
Russia:3.4350349460129237E-4
1997:3.3740689240086805E-4
Television:3.365667083791528E-4
New_York_City_1428:3.343506856652776E-4
Football_(soccer):3.263203125051894E-4
Census:3.239385745074026E-4
1996:3.2370364937967704E-4
Scotland:3.222977758182823E-4
1995:3.10174943431133E-4
China:3.0861916888100943E-4
Population:3.0457520814396286E-4
Scientific_classification:3.0434814493178854E-4
Square_mile:3.041755085510494E-4
California:3.0186653441288273E-4
1994:2.9077371471947997E-4
Sweden:2.872729424351729E-4
Public_domain:2.8716091588294984E-4
Film:2.864984000388801E-4
Record_producer:2.845242004029234E-4
New_Zealand_2311:2.832001815553584E-4
New_York_3da4:2.788666531724449E-4
Netherlands:2.7644789515568724E-4
Marriage:2.7609953884759244E-4
United_States_Census_Bureau_2c85:2.750043113948167E-4
1993:2.747722116971843E-4
1991:2.7189525310300944E-4
1990:2.683487951479765E-4
1992:2.664248521225431E-4
Politician:2.65233726441951E-4
Album:2.609460489224722E-4
Latin:2.5977348712923277E-4
Actor:2.586212886407061E-4
Ireland:2.581586353645894E-4
Per_capita_income:2.559682185813707E-4
Studio_album:2.522406027021824E-4
Poverty_line:2.514632744510891E-4
Km²:2.4983678772745724E-4
1989:2.4696646342617585E-4
Norway:2.4079830849379309E-4
Website:2.389353173580574E-4
1980:2.3531809268597227E-4
Animal:2.295664119779439E-4
Area:2.293614075300586E-4
1986:2.2708413872570197E-4
Personal_name:2.2647537463410376E-4
Poland:2.258469366439604E-4
Brazil:2.2576589072059063E-4
1985:2.2399989856772436E-4
1987:2.2338370190484725E-4
1983:2.217659273466166E-4
1982:2.211311106234091E-4
1981:2.1942271909267632E-4
1979:2.193635446597172E-4
French_language:2.1930316745498636E-4
1984:2.1881125411271458E-4
1988:2.1863938059040128E-4
World_War_I_9429:2.1853777403809947E-4
1974:2.1802125231939332E-4
Paris:2.1792548228099197E-4
Mexico:2.1573271940885036E-4
19th_century:2.1157671713830156E-4
1970:2.1135460230986035E-4
USA_f75d:2.1083511389656553E-4
January_1:2.1063487661056752E-4
1975:2.0864316181826097E-4
1976:2.084682462318915E-4
Africa:2.0741102777475278E-4
South_Africa_1287:2.0729989588837266E-4
