United_States_09d4:0.0026239262227424603
2006:0.0012277815714446703
United_Kingdom_5ad7:0.00120345113008617
Biography:9.83313824048247E-4
2005:9.170299867884556E-4
England:8.807135728981662E-4
Canada:8.563086256845733E-4
Geographic_coordinate_system:7.723581579935013E-4
France:7.247891854018544E-4
2004:7.200211442336887E-4
Australia:6.806548085475453E-4
Germany:6.542169216796571E-4
2003:5.875084192378747E-4
India:5.833962467492045E-4
Japan:5.829635016850002E-4
Internet_Movie_Database_7ea7:5.340184630899302E-4
Europe:5.087130187267783E-4
Record_label:4.921588592217964E-4
2001:4.871973402695339E-4
2002:4.829174739935144E-4
World_War_II_d045:4.7772781978170807E-4
Population_density:4.705661637950601E-4
Music_genre:4.678569093214613E-4
2000:4.645870879125758E-4
Italy:4.454879803242633E-4
Wiktionary:4.354680801821064E-4
London:4.3496313469616906E-4
Wikimedia_Commons_7b57:4.3438452026766094E-4
English_language:4.1809033178191697E-4
1999:4.059775641428417E-4
Spain:3.6238968535296916E-4
1998:3.563906931183596E-4
Russia:3.435034946012668E-4
1997:3.3740689240083666E-4
Television:3.3656670837912045E-4
New_York_City_1428:3.343506856652513E-4
Football_(soccer):3.2632031250515793E-4
Census:3.239385745073733E-4
1996:3.237036493796468E-4
Scotland:3.2229777581825435E-4
1995:3.101749434311071E-4
China:3.0861916888098547E-4
Population:3.0457520814393673E-4
Scientific_classification:3.0434814493175596E-4
Square_mile:3.041755085510193E-4
California:3.018665344128543E-4
1994:2.907737147194554E-4
Sweden:2.872729424351495E-4
Public_domain:2.871609158829244E-4
Film:2.8649840003885387E-4
Record_producer:2.845242004028909E-4
New_Zealand_2311:2.8320018155533343E-4
New_York_3da4:2.7886665317242203E-4
Netherlands:2.76447895155666E-4
Marriage:2.760995388475707E-4
United_States_Census_Bureau_2c85:2.7500431139478824E-4
1993:2.747722116971621E-4
1991:2.718952531029873E-4
1990:2.6834879514795693E-4
1992:2.6642485212252176E-4
Politician:2.6523372644192075E-4
Album:2.609460489224406E-4
Latin:2.5977348712921835E-4
Actor:2.586212886406817E-4
Ireland:2.5815863536456796E-4
Per_capita_income:2.559682185813398E-4
Studio_album:2.522406027021511E-4
Poverty_line:2.5146327445106035E-4
Km²:2.49836787727428E-4
1989:2.469664634261578E-4
Norway:2.407983084937725E-4
Website:2.3893531735803654E-4
1980:2.3531809268595408E-4
Animal:2.295664119779213E-4
Area:2.293614075300386E-4
1986:2.2708413872568104E-4
Personal_name:2.2647537463407717E-4
Poland:2.2584693664394248E-4
Brazil:2.2576589072057198E-4
1985:2.2399989856770755E-4
1987:2.2338370190482906E-4
1983:2.2176592734659897E-4
1982:2.2113111062339164E-4
1981:2.1942271909265824E-4
1979:2.1936354465970057E-4
French_language:2.1930316745497215E-4
1984:2.1881125411269558E-4
1988:2.1863938059038177E-4
World_War_I_9429:2.1853777403808275E-4
1974:2.1802125231937608E-4
Paris:2.1792548228097676E-4
Mexico:2.1573271940883264E-4
19th_century:2.115767171382901E-4
1970:2.1135460230984533E-4
USA_f75d:2.1083511389654469E-4
January_1:2.1063487661055415E-4
1975:2.0864316181824565E-4
1976:2.0846824623187583E-4
Africa:2.0741102777473597E-4
South_Africa_1287:2.0729989588835616E-4
