United_States_09d4:0.005188784430948792
Wikimedia_Commons_7b57:0.004806488831880576
Country:0.0039402896790327125
England:0.002752317559609862
Water:0.002687656679255402
Animal:0.0025539322677793877
City:0.00251075146647703
United_Kingdom_5ad7:0.0023585869238859866
Germany:0.0023503984348788214
Earth:0.002324600107640402
France:0.002323564557985169
Europe:0.0020379987098054853
Wiktionary:0.001753768640271976
English_language:0.001749562271724165
Government:0.001732376071751171
Computer:0.001716721178030849
India:0.0017130983060978159
Money:0.0016673380567097003
Japan:0.0015516032468554952
Plant:0.0015234513519485821
Italy:0.0015073649206165398
Canada:0.0014813431412575885
Spain:0.0014710609748744864
Food:0.0014245849446423433
Human:0.0014120055909715816
China:0.0013966521824475885
People:0.001382184681678479
Australia:0.0013297813327318897
Asia:0.0012843777144325643
Capital_(city):0.0012742228223547015
Television:0.0012649039467303516
Sun:0.0012601421804723004
Number:0.0012431464844896724
State:0.0012407217395469863
Sound:0.0012351315661499787
Science:0.0012324615354230165
Mathematics:0.001230970560319288
Metal:0.0011922169910561847
Year:0.0011770358203460733
2004:0.0011732923631950268
Language:0.0011500926283681166
Russia:0.0011461397728407753
Wikipedia:0.0011232728864580162
Religion:0.0010985226617522882
19th_century:0.0010965654119545005
Music:0.0010873591708382543
Scotland:0.001054754279938449
20th_century:0.001053733461076736
Greece:0.0010491760909831823
Latin:0.0010297990742165017
London:0.0010273515377360477
Greek_language:0.0010042974831406637
Energy:9.989431999620837E-4
World:9.86307561295465E-4
Centuries:9.759351517083752E-4
Culture:9.451750839778412E-4
History:9.364394523437753E-4
Liquid:9.144736535395613E-4
Netherlands:9.057079964325031E-4
Planet:9.04881048467836E-4
Light:9.016154629317268E-4
Society:9.0145357548059E-4
Atom:8.89957142981212E-4
Wikimedia_Foundation_83d9:8.883857500533833E-4
Scientist:8.883239522165312E-4
Image:8.876346948252955E-4
Law:8.862891705120451E-4
Geography:8.788197011043761E-4
List_of_decades:8.786094947339121E-4
Uniform_Resource_Locator_1b4e:8.618327147799905E-4
Africa:8.605150290919772E-4
Turkey:8.448637859982386E-4
Inhabitant:8.304145755247469E-4
Capital_city:8.230920003234249E-4
Plural:8.214718622307946E-4
Electricity:8.136698406618701E-4
Poland:7.983989996640139E-4
Building:7.971069728277455E-4
Car:7.946024128928607E-4
Sweden:7.916888795548016E-4
Book:7.914644911464096E-4
Biology:7.868745938672715E-4
War:7.707791299691682E-4
Chemical_element:7.681008982826815E-4
God:7.608950046095932E-4
North_America_e7c4:7.562385638310709E-4
September_7:7.54739201872847E-4
Website:7.462478121293625E-4
Nation:7.426621484216636E-4
Politics:7.398107868940596E-4
2006:7.332521359998457E-4
Fish:7.321861336364967E-4
Species:7.308164763090388E-4
Mammal:7.216220722248999E-4
Island:7.177734458659642E-4
Portugal:7.170835901347171E-4
Gas:7.155153969916648E-4
River:7.115428683328705E-4
Switzerland:7.060904699727544E-4
World_War_II_d045:7.020012869712015E-4
