United_States_09d4:0.0026239262227426333
2006:0.0012277815714447427
United_Kingdom_5ad7:0.0012034511300862362
Biography:9.83313824048334E-4
2005:9.170299867885083E-4
England:8.807135728982351E-4
Canada:8.563086256846436E-4
Geographic_coordinate_system:7.72358157993557E-4
France:7.247891854018935E-4
2004:7.20021144233733E-4
Australia:6.806548085475913E-4
Germany:6.542169216796951E-4
2003:5.875084192379292E-4
India:5.833962467492493E-4
Japan:5.82963501685047E-4
Internet_Movie_Database_7ea7:5.340184630899781E-4
Europe:5.087130187268138E-4
Record_label:4.92158859221842E-4
2001:4.8719734026956847E-4
2002:4.829174739935457E-4
World_War_II_d045:4.7772781978173935E-4
Population_density:4.70566163795092E-4
Music_genre:4.6785690932151083E-4
2000:4.6458708791260805E-4
Italy:4.454879803242949E-4
Wiktionary:4.3546808018213036E-4
London:4.349631346961992E-4
Wikimedia_Commons_7b57:4.3438452026768273E-4
English_language:4.1809033178194277E-4
1999:4.059775641428695E-4
Spain:3.623896853529909E-4
1998:3.5639069311838327E-4
Russia:3.4350349460128717E-4
1997:3.3740689240086236E-4
Television:3.365667083791445E-4
New_York_City_1428:3.3435068566527377E-4
Football_(soccer):3.26320312505182E-4
Census:3.2393857450739496E-4
1996:3.2370364937967205E-4
Scotland:3.222977758182769E-4
1995:3.101749434311299E-4
China:3.0861916888100596E-4
Population:3.045752081439568E-4
Scientific_classification:3.043481449317821E-4
Square_mile:3.041755085510425E-4
California:3.018665344128765E-4
1994:2.9077371471947406E-4
Sweden:2.8727294243516803E-4
Public_domain:2.871609158829453E-4
Film:2.8649840003887485E-4
Record_producer:2.845242004029165E-4
New_Zealand_2311:2.8320018155535473E-4
New_York_3da4:2.7886665317244106E-4
Netherlands:2.764478951556846E-4
Marriage:2.7609953884758615E-4
United_States_Census_Bureau_2c85:2.7500431139480905E-4
1993:2.747722116971798E-4
1991:2.7189525310300543E-4
1990:2.683487951479723E-4
1992:2.664248521225386E-4
Politician:2.6523372644194346E-4
Album:2.6094604892246457E-4
Latin:2.597734871292325E-4
Actor:2.586212886407004E-4
Ireland:2.5815863536458536E-4
Per_capita_income:2.559682185813653E-4
Studio_album:2.522406027021737E-4
Poverty_line:2.5146327445108355E-4
Km²:2.4983678772745057E-4
1989:2.4696646342617227E-4
Norway:2.4079830849378883E-4
Website:2.3893531735805372E-4
1980:2.3531809268596945E-4
Animal:2.2956641197793961E-4
Area:2.2936140753005669E-4
1986:2.2708413872569723E-4
Personal_name:2.264753746340956E-4
Poland:2.2584693664395758E-4
Brazil:2.2576589072058662E-4
1985:2.2399989856772197E-4
1987:2.2338370190484472E-4
1983:2.2176592734661352E-4
1982:2.2113111062340647E-4
1981:2.1942271909267295E-4
1979:2.1936354465971306E-4
French_language:2.193031674549842E-4
1984:2.18811254112713E-4
1988:2.1863938059039762E-4
World_War_I_9429:2.1853777403809763E-4
1974:2.1802125231939034E-4
Paris:2.1792548228098994E-4
Mexico:2.1573271940884744E-4
19th_century:2.115767171382999E-4
1970:2.113546023098575E-4
USA_f75d:2.1083511389656013E-4
January_1:2.106348766105658E-4
1975:2.0864316181825842E-4
1976:2.084682462318886E-4
Africa:2.0741102777474955E-4
South_Africa_1287:2.0729989588836974E-4
