United_States_09d4:0.002623926222742373
2006:0.0012277815714446345
United_Kingdom_5ad7:0.0012034511300861338
Biography:9.833138240482142E-4
2005:9.170299867884296E-4
England:8.807135728981406E-4
Canada:8.563086256845548E-4
Geographic_coordinate_system:7.723581579934724E-4
France:7.247891854018365E-4
2004:7.200211442336677E-4
Australia:6.806548085475254E-4
Germany:6.542169216796394E-4
2003:5.87508419237861E-4
India:5.833962467491887E-4
Japan:5.829635016849845E-4
Internet_Movie_Database_7ea7:5.340184630899129E-4
Europe:5.087130187267656E-4
Record_label:4.92158859221782E-4
2001:4.871973402695157E-4
2002:4.829174739934982E-4
World_War_II_d045:4.777278197816966E-4
Population_density:4.7056616379504004E-4
Music_genre:4.678569093214422E-4
2000:4.645870879125623E-4
Italy:4.4548798032425455E-4
Wiktionary:4.354680801820954E-4
London:4.3496313469615735E-4
Wikimedia_Commons_7b57:4.3438452026764934E-4
English_language:4.1809033178190553E-4
1999:4.0597756414283116E-4
Spain:3.6238968535295946E-4
1998:3.563906931183496E-4
Russia:3.435034946012578E-4
1997:3.3740689240082663E-4
Television:3.365667083791099E-4
New_York_City_1428:3.3435068566524336E-4
Football_(soccer):3.26320312505147E-4
Census:3.2393857450736005E-4
1996:3.237036493796382E-4
Scotland:3.2229777581824535E-4
1995:3.101749434310974E-4
China:3.086191688809771E-4
Population:3.045752081439258E-4
Scientific_classification:3.043481449317443E-4
Square_mile:3.041755085510092E-4
California:3.0186653441284706E-4
1994:2.90773714719448E-4
Sweden:2.8727294243514076E-4
Public_domain:2.8716091588291536E-4
Film:2.864984000388447E-4
Record_producer:2.8452420040288035E-4
New_Zealand_2311:2.832001815553262E-4
New_York_3da4:2.788666531724153E-4
Netherlands:2.764478951556586E-4
Marriage:2.7609953884756176E-4
United_States_Census_Bureau_2c85:2.7500431139477875E-4
1993:2.74772211697153E-4
1991:2.718952531029796E-4
1990:2.683487951479497E-4
1992:2.6642485212251434E-4
Politician:2.652337264419105E-4
Album:2.609460489224303E-4
Latin:2.597734871292124E-4
Actor:2.5862128864067294E-4
Ireland:2.5815863536456053E-4
Per_capita_income:2.559682185813311E-4
Studio_album:2.5224060270213986E-4
Poverty_line:2.514632744510512E-4
Km²:2.498367877274185E-4
1989:2.4696646342615134E-4
Norway:2.4079830849376544E-4
Website:2.3893531735802884E-4
1980:2.3531809268594744E-4
Animal:2.2956641197791273E-4
Area:2.2936140753002885E-4
1986:2.2708413872567505E-4
Personal_name:2.2647537463406736E-4
Poland:2.258469366439365E-4
Brazil:2.2576589072056561E-4
1985:2.239998985677009E-4
1987:2.2338370190482158E-4
1983:2.2176592734659225E-4
1982:2.211311106233857E-4
1981:2.1942271909265257E-4
1979:2.193635446596945E-4
French_language:2.1930316745496722E-4
1984:2.1881125411268978E-4
1988:2.1863938059037594E-4
World_War_I_9429:2.1853777403807648E-4
1974:2.1802125231937036E-4
Paris:2.1792548228097142E-4
Mexico:2.1573271940882778E-4
19th_century:2.1157671713828538E-4
1970:2.1135460230983942E-4
USA_f75d:2.1083511389653834E-4
January_1:2.1063487661055028E-4
1975:2.0864316181823977E-4
1976:2.0846824623187003E-4
Africa:2.074110277747305E-4
South_Africa_1287:2.072998958883505E-4
