United_States_09d4:0.0051887844309487785
Wikimedia_Commons_7b57:0.004806488831880565
Country:0.003940289679032714
England:0.0027523175596098617
Water:0.0026876566792554003
Animal:0.002553932267779386
City:0.002510751466477025
United_Kingdom_5ad7:0.0023585869238859844
Germany:0.0023503984348788223
Earth:0.0023246001076404005
France:0.002323564557985169
Europe:0.0020379987098054836
Wiktionary:0.0017537686402719736
English_language:0.0017495622717241639
Government:0.00173237607175117
Computer:0.0017167211780308464
India:0.001713098306097814
Money:0.0016673380567096994
Japan:0.0015516032468554934
Plant:0.0015234513519485817
Italy:0.0015073649206165378
Canada:0.0014813431412575892
Spain:0.0014710609748744847
Food:0.001424584944642342
Human:0.0014120055909715786
China:0.001396652182447588
People:0.0013821846816784778
Australia:0.0013297813327318882
Asia:0.0012843777144325638
Capital_(city):0.0012742228223547006
Television:0.001264903946730351
Sun:0.001260142180472299
Number:0.0012431464844896707
State:0.0012407217395469857
Sound:0.001235131566149978
Science:0.0012324615354230163
Mathematics:0.0012309705603192873
Metal:0.001192216991056184
Year:0.0011770358203460716
2004:0.0011732923631950273
Language:0.001150092628368115
Russia:0.0011461397728407751
Wikipedia:0.001123272886458015
Religion:0.0010985226617522873
19th_century:0.0010965654119544973
Music:0.0010873591708382522
Scotland:0.001054754279938448
20th_century:0.0010537334610767352
Greece:0.0010491760909831815
Latin:0.0010297990742165013
London:0.0010273515377360464
Greek_language:0.0010042974831406622
Energy:9.98943199962084E-4
World:9.863075612954644E-4
Centuries:9.759351517083752E-4
Culture:9.451750839778399E-4
History:9.364394523437745E-4
Liquid:9.144736535395611E-4
Netherlands:9.057079964325031E-4
Planet:9.048810484678353E-4
Light:9.016154629317268E-4
Society:9.014535754805894E-4
Atom:8.899571429812109E-4
Wikimedia_Foundation_83d9:8.883857500533826E-4
Scientist:8.883239522165302E-4
Image:8.87634694825295E-4
Law:8.86289170512044E-4
Geography:8.788197011043755E-4
List_of_decades:8.786094947339108E-4
Uniform_Resource_Locator_1b4e:8.618327147799897E-4
Africa:8.605150290919762E-4
Turkey:8.44863785998238E-4
Inhabitant:8.304145755247464E-4
Capital_city:8.230920003234239E-4
Plural:8.214718622307939E-4
Electricity:8.136698406618693E-4
Poland:7.983989996640136E-4
Building:7.971069728277447E-4
Car:7.946024128928601E-4
Sweden:7.916888795548014E-4
Book:7.914644911464093E-4
Biology:7.868745938672704E-4
War:7.707791299691678E-4
Chemical_element:7.681008982826811E-4
God:7.608950046095924E-4
North_America_e7c4:7.562385638310709E-4
September_7:7.547392018728473E-4
Website:7.462478121293617E-4
Nation:7.426621484216633E-4
Politics:7.398107868940588E-4
2006:7.332521359998453E-4
Fish:7.321861336364961E-4
Species:7.30816476309038E-4
Mammal:7.216220722248996E-4
Island:7.177734458659636E-4
Portugal:7.170835901347168E-4
Gas:7.155153969916644E-4
River:7.115428683328702E-4
Switzerland:7.060904699727542E-4
World_War_II_d045:7.020012869712003E-4
